LINE:[16]
degree[39]: 37 11 54 39 109 53 72 115 39 109 14 59 61 1 -1 1 0 1 -1 -1 0 -1 -1 -1 -1 0 0 1 1 0 -1 0 1 -1 0 -1 1 -1 0 1
degree[42]: 74 22 109 76 89 104 17 101 76 90 28 120 120 2 -1 1 -1 2 0 -2 1 -2 -2 -2 -2 1 1 2 1 0 0 0 1 -2 -1 0 2 0 -1 2 0 0 120641
degree[42]: 114 34 33 114 68 29 89 87 115 69 41 50 52 1 -2 0 -1 1 0 -1 -1 -2 -1 -1 -1 0 -1 0 0 -1 0 0 2 -1 1 -1 0 0 -1 2 0 0 120641
degree[42]: 24 48 87 24 49 82 31 72 26 50 55 111 113 0 -2 2 -1 1 -1 -2 -1 -2 -1 -2 -2 0 0 0 1 0 -2 1 1 -1 1 -1 0 0 -1 2 0 0 120641
degree[42]: 61 60 14 63 30 5 103 59 63 29 71 43 46 2 -1 2 0 2 -2 -1 0 -1 -2 -1 0 1 -1 0 0 -1 0 1 2 0 -1 0 0 0 -1 2 0 0 120641
degree[250]: 38 12 120 38 107 53 73 113 39 109 14 59 59 -1 -1 0 0 1 -1 -1 -1 1 1 0 -1 -1 -1 1 -1 0 0 -1 -1 -1 1 -1 1 0 0 -1 0 0 0 0 0 0 0 0 0 0 0 0 0 0 0 0 0 0 0 0 0 0 0 0 0 0 0 0 0 0 0 0 0 0 0 0 0 0 0 0 0 0 0 0 0 0 0 0 0 0 0 0 0 0 0 0 0 0 0 0 0 0 0 0 0 0 0 0 0 0 0 0 0 0 0 0 0 0 0 0 0 0 0 0 0 0 0 0 0 0 0 0 0 0 0 0 0 0 0 0 0 0 0 0 0 0 0 0 0 0 0 0 0 0 0 0 0 0 0 0 0 0 0 0 0 0 0 0 0 0 0 0 0 0 0 0 0 0 0 0 0 0 0 0 0 0 0 0 0 0 0 0 0 0 0 0 0 0 0 0 0 0 0 0 0 0 0 0 0 0 0 0 1024 0 192 0 61 60 14 63 30 5 103 59 63 29 71 43 46 2 -1 2 0 2 -2 -1 0 -1 -2 -1 0 1 -1 0 0 -1 0 1 2 0 -1
degree[250]: 77 25 47 76 87 106 16 98 78 90 27 118 118 -1 -2 -1 1 2 0 -2 -1 2 0 -1 0 -2 -2 0 -2 -1 0 -2 -2 -2 2 0 1 -1 1 -1 0 0 0 0 0 0 0 0 0 0 0 0 0 0 0 0 0 0 0 0 0 0 0 0 0 0 0 0 0 0 0 0 0 0 0 0 0 0 0 0 0 0 0 0 0 0 0 0 0 0 0 0 0 0 0 0 0 0 0 0 0 0 0 0 0 0 0 0 0 0 0 0 0 0 0 0 0 0 0 0 0 0 0 0 0 0 0 0 0 0 0 0 0 0 0 0 0 0 0 0 0 0 0 0 0 0 0 0 0 0 0 0 0 0 0 0 0 0 0 0 0 0 0 0 0 0 0 0 0 0 0 0 0 0 0 0 0 0 0 0 0 0 0 0 0 0 0 0 0 0 0 0 0 0 0 0 0 0 0 0 0 0 0 0 0 0 0 0 0 0 0 0 1024 0 192 0 61 60 14 63 30 5 103 59 63 29 71 43 46 2 -1 2 0 2 -2 -1 0 -1 -2 -1 0 1 -1 0 0 -1 0 1 2 0 -1
degree[250]: 7 11 45 93 109 51 73 113 115 69 43 50 52 -1 -2 1 1 2 -1 -2 -1 1 2 -1 0 0 -2 1 0 0 0 -1 -2 0 0 0 0 1 -1 0 0 0 0 0 0 0 0 0 0 0 0 0 0 0 0 0 0 0 0 0 0 0 0 0 0 0 0 0 0 0 0 0 0 0 0 0 0 0 0 0 0 0 0 0 0 0 0 0 0 0 0 0 0 0 0 0 0 0 0 0 0 0 0 0 0 0 0 0 0 0 0 0 0 0 0 0 0 0 0 0 0 0 0 0 0 0 0 0 0 0 0 0 0 0 0 0 0 0 0 0 0 0 0 0 0 0 0 0 0 0 0 0 0 0 0 0 0 0 0 0 0 0 0 0 0 0 0 0 0 0 0 0 0 0 0 0 0 0 0 0 0 0 0 0 0 0 0 0 0 0 0 0 0 0 0 0 0 0 0 0 0 0 0 0 0 0 0 0 0 0 0 0 1024 0 192 0 61 60 14 63 30 5 103 59 63 29 71 43 46 2 -1 2 0 2 -2 -1 0 -1 -2 -1 0 1 -1 0 0 -1 0 1 2 0 -1
degree[250]: 6 12 45 92 108 51 71 114 26 50 55 112 111 -2 -1 -1 -1 1 -1 -2 0 0 0 1 0 0 -2 2 0 -1 1 -1 -1 -2 0 -1 2 1 0 -2 0 0 0 0 0 0 0 0 0 0 0 0 0 0 0 0 0 0 0 0 0 0 0 0 0 0 0 0 0 0 0 0 0 0 0 0 0 0 0 0 0 0 0 0 0 0 0 0 0 0 0 0 0 0 0 0 0 0 0 0 0 0 0 0 0 0 0 0 0 0 0 0 0 0 0 0 0 0 0 0 0 0 0 0 0 0 0 0 0 0 0 0 0 0 0 0 0 0 0 0 0 0 0 0 0 0 0 0 0 0 0 0 0 0 0 0 0 0 0 0 0 0 0 0 0 0 0 0 0 0 0 0 0 0 0 0 0 0 0 0 0 0 0 0 0 0 0 0 0 0 0 0 0 0 0 0 0 0 0 0 0 0 0 0 0 0 0 0 0 0 0 0 1024 0 192 0 61 60 14 63 30 5 103 59 63 29 71 43 46 2 -1 2 0 2 -2 -1 0 -1 -2 -1 0 1 -1 0 0 -1 0 1 2 0 -1
degree[249]: 38 13 53 38 109 51 73 115 38 109 15 60 60 -1 1 0 -1 -1 -1 -1 1 1 0 0 -1 -1 0 1 0 0 0 -1 1 0 -1 -1 0 -1 -1 1 0 0 0 0 0 0 0 0 0 0 0 0 0 0 0 0 0 0 0 0 0 0 0 0 0 0 0 0 0 0 0 0 0 0 0 0 0 0 0 0 0 0 0 0 0 0 0 0 0 0 0 0 0 0 0 0 0 0 0 0 0 0 0 0 0 0 0 0 0 0 0 0 0 0 0 0 0 0 0 0 0 0 0 0 0 0 0 0 0 0 0 0 0 0 0 0 0 0 0 0 0 0 0 0 0 0 0 0 0 0 0 0 0 0 0 0 0 0 0 0 0 0 0 0 0 0 0 0 0 0 0 0 1024 0 192 0 61 60 14 63 30 5 103 59 63 29 71 43 46 2 -1 2 0 2 -2 -1 0 -1 -2 -1 0 1 -1 0 0 -1 0 1 2 0 -1 0 1024 0 1024 0 6 12 45 92 108 51 71 114 26 50 55 112 111 -2 -1 -1 -1 1 -1 -2 0 0 0 1 0 0 -2 2 0 -1 1 -1 -1 -2
degree[250]: 76 26 106 77 89 102 16 100 76 89 29 121 121 0 0 1 -1 -2 -1 -2 2 1 -1 1 -2 -1 0 0 0 0 -1 0 1 0 0 -1 -1 0 -2 2 0 0 0 0 0 0 0 0 0 0 0 0 0 0 0 0 0 0 0 0 0 0 0 0 0 0 0 0 0 0 0 0 0 0 0 0 0 0 0 0 0 0 0 0 0 0 0 0 0 0 0 0 0 0 0 0 0 0 0 0 0 0 0 0 0 0 0 0 0 0 0 0 0 0 0 0 0 0 0 0 0 0 0 0 0 0 0 0 0 0 0 0 0 0 0 0 0 0 0 0 0 0 0 0 0 0 0 0 0 0 0 0 0 0 0 0 0 0 0 0 0 0 0 0 0 0 0 0 0 0 0 0 1024 0 192 0 61 60 14 63 30 5 103 59 63 29 71 43 46 2 -1 2 0 2 -2 -1 0 -1 -2 -1 0 1 -1 0 0 -1 0 1 2 0 -1 0 1024 0 1024 0 6 12 45 92 108 51 71 114 26 50 55 112 111 -2 -1 -1 -1 1 -1 -2 0 0 0 1 0 0 -2 2 0 -1 1 -1 -1 -2 117281
degree[250]: 7 12 46 93 109 51 71 115 113 69 44 52 52 -2 2 1 -2 0 0 -2 1 0 1 1 -2 -2 -1 1 -1 0 1 0 0 -1 0 0 0 0 -2 2 0 0 0 0 0 0 0 0 0 0 0 0 0 0 0 0 0 0 0 0 0 0 0 0 0 0 0 0 0 0 0 0 0 0 0 0 0 0 0 0 0 0 0 0 0 0 0 0 0 0 0 0 0 0 0 0 0 0 0 0 0 0 0 0 0 0 0 0 0 0 0 0 0 0 0 0 0 0 0 0 0 0 0 0 0 0 0 0 0 0 0 0 0 0 0 0 0 0 0 0 0 0 0 0 0 0 0 0 0 0 0 0 0 0 0 0 0 0 0 0 0 0 0 0 0 0 0 0 0 0 0 0 1024 0 192 0 61 60 14 63 30 5 103 59 63 29 71 43 46 2 -1 2 0 2 -2 -1 0 -1 -2 -1 0 1 -1 0 0 -1 0 1 2 0 -1 0 1024 0 1024 0 6 12 45 92 108 51 71 114 26 50 55 112 111 -2 -1 -1 -1 1 -1 -2 0 0 0 1 0 0 -2 2 0 -1 1 -1 -1 -2 117281
degree[250]: 5 13 47 94 107 51 73 115 24 49 56 111 113 -2 1 -1 -2 -2 -2 -2 0 2 1 -1 -1 -1 0 0 -1 -1 -1 -1 2 0 -1 0 -1 -2 -2 2 0 0 0 0 0 0 0 0 0 0 0 0 0 0 0 0 0 0 0 0 0 0 0 0 0 0 0 0 0 0 0 0 0 0 0 0 0 0 0 0 0 0 0 0 0 0 0 0 0 0 0 0 0 0 0 0 0 0 0 0 0 0 0 0 0 0 0 0 0 0 0 0 0 0 0 0 0 0 0 0 0 0 0 0 0 0 0 0 0 0 0 0 0 0 0 0 0 0 0 0 0 0 0 0 0 0 0 0 0 0 0 0 0 0 0 0 0 0 0 0 0 0 0 0 0 0 0 0 0 0 0 0 1024 0 192 0 61 60 14 63 30 5 103 59 63 29 71 43 46 2 -1 2 0 2 -2 -1 0 -1 -2 -1 0 1 -1 0 0 -1 0 1 2 0 -1 0 1024 0 1024 0 6 12 45 92 108 51 71 114 26 50 55 112 111 -2 -1 -1 -1 1 -1 -2 0 0 0 1 0 0 -2 2 0 -1 1 -1 -1 -2 117281
degree[250]: 6 12 45 94 108 52 71 113 63 30 72 43 43 -1 2 0 0 0 0 -1 0 2 -1 -1 -2 -1 -1 1 0 0 -1 -1 2 1 0 -2 -1 -2 -2 2 0 0 0 0 0 0 0 0 0 0 0 0 0 0 0 0 0 0 0 0 0 0 0 0 0 0 0 0 0 0 0 0 0 0 0 0 0 0 0 0 0 0 0 0 0 0 0 0 0 0 0 0 0 0 0 0 0 0 0 0 0 0 0 0 0 0 0 0 0 0 0 0 0 0 0 0 0 0 0 0 0 0 0 0 0 0 0 0 0 0 0 0 0 0 0 0 0 0 0 0 0 0 0 0 0 0 0 0 0 0 0 0 0 0 0 0 0 0 0 0 0 0 0 0 0 0 0 0 0 0 0 0 1024 0 192 0 61 60 14 63 30 5 103 59 63 29 71 43 46 2 -1 2 0 2 -2 -1 0 -1 -2 -1 0 1 -1 0 0 -1 0 1 2 0 -1 0 1024 0 1024 0 6 12 45 92 108 51 71 114 26 50 55 112 111 -2 -1 -1 -1 1 -1 -2 0 0 0 1 0 0 -2 2 0 -1 1 -1 -1 -2 117281
degree[249]: 38 11 54 37 108 51 71 113 38 107 14 59 61 -1 -1 1 -1 -1 0 1 1 0 -1 1 1 1 1 1 0 -1 1 -1 1 1 -1 1 -1 1 -1 1 0 0 0 0 0 0 0 0 0 0 0 0 0 0 0 0 0 0 0 0 0 0 0 0 0 0 0 0 0 0 0 0 0 0 0 0 0 0 0 0 0 0 0 0 0 0 0 0 0 0 0 0 0 0 0 0 0 0 0 0 0 0 0 0 0 0 0 0 0 0 0 0 0 0 0 0 0 0 0 0 0 0 0 0 0 0 0 0 0 0 0 0 1024 0 192 0 61 60 14 63 30 5 103 59 63 29 71 43 46 2 -1 2 0 2 -2 -1 0 -1 -2 -1 0 1 -1 0 0 -1 0 1 2 0 -1 0 1024 0 1024 0 6 12 45 92 108 51 71 114 26 50 55 112 111 -2 -1 -1 -1 1 -1 -2 0 0 0 1 0 0 -2 2 0 -1 1 -1 -1 -2 117281 0 1024 0 1024 0 6 12 45 94 108 52 71 113 63 30 72 43 43 -1 2 0 0 0 0 -1 0 2 -1 -1 -2 -1 -1 1 0 0 -1 -1 2 1
degree[250]: 77 24 109 74 89 104 15 100 76 86 27 120 122 -2 -2 2 -1 0 -1 1 2 0 -1 2 1 2 1 1 0 -1 2 -2 0 2 -2 2 -2 2 -2 2 0 0 0 0 0 0 0 0 0 0 0 0 0 0 0 0 0 0 0 0 0 0 0 0 0 0 0 0 0 0 0 0 0 0 0 0 0 0 0 0 0 0 0 0 0 0 0 0 0 0 0 0 0 0 0 0 0 0 0 0 0 0 0 0 0 0 0 0 0 0 0 0 0 0 0 0 0 0 0 0 0 0 0 0 0 0 0 0 0 0 0 0 1024 0 192 0 61 60 14 63 30 5 103 59 63 29 71 43 46 2 -1 2 0 2 -2 -1 0 -1 -2 -1 0 1 -1 0 0 -1 0 1 2 0 -1 0 1024 0 1024 0 6 12 45 92 108 51 71 114 26 50 55 112 111 -2 -1 -1 -1 1 -1 -2 0 0 0 1 0 0 -2 2 0 -1 1 -1 -1 -2 117281 0 1024 0 1024 0 6 12 45 94 108 52 71 113 63 30 72 43 43 -1 2 0 0 0 0 -1 0 2 -1 -1 -2 -1 -1 1 0 0 -1 -1 2 1 116017
